macrophages	mast	B.naive	B.memory	plasma	T.CD4.naive	T.CD4.memory	T.CD8.naive	T.CD8.memory	NK	pDCs	mDCs	monocytes.C	monocytes.NC.I	neutrophils	Treg	endothelial.cells	fibroblasts	ROI	segment	class
0.0284149679809672	0.00218610134283885	0.0118017289130351	0	0.117511266741716	0.0998156393876988	0	0.18692973652405	0	0.0259903651975132	0.00235813239460842	0	0	0.0466419528898066	0.0408397455640486	0.0378574958232837	0.33275231811774	0.066900549122694	DSP-1001250007851-H-A02.dcc	Geometric Segment	DKD
0.0270164764155969	0.00144327437001864	0.00844380176911446	0	0.0636001779632412	0.184497668423295	0	0.17349883169738	0	0.041102978622395	0	0	0	0.143063446234612	0.0808123013717704	0	0.224218975909283	0.0523020672232938	DSP-1001250007851-H-A03.dcc	Geometric Segment	DKD
0.0252495384307255	0.00182970620322605	0.0397326276332325	0	0.0472984736355689	0.193130962610081	0	0.155660290306274	0	0.0440119477388649	0	0	0	0.0552942052978647	0.106666136842663	0	0.274244520279433	0.056881591022066	DSP-1001250007851-H-A04.dcc	Geometric Segment	DKD
0.0309582868923945	0.00146384316389076	0.0468469084485394	0	0.0632342823517095	0.092454843770309	0	0.168147318173645	0	0.0337984866355515	0	0	0	0.0862929467873075	0.0720975458594194	0.0293416412786761	0.320518667582285	0.0548452290562719	DSP-1001250007851-H-A05.dcc	Geometric Segment	DKD
0.0226293669801912	0.00212937501656954	0.0288208841143235	0.0191849054454599	0.0869258626316147	0.152938918422556	0	0.166089438123813	0	0.0275623876959418	0	0	0	0.069913431951671	0.0465050545151864	0	0.348343596550372	0.028956778552301	DSP-1001250007851-H-A06.dcc	Geometric Segment	DKD
0.0180130876018086	0.00153690871538192	0.0517764973749636	0	0.0670735728397817	0.208306347898068	0	0.0645983918617001	0	0.0527331020481351	0	0	0	0.0475308744825251	0.0679500491322308	0.025572398172846	0.305194979564428	0.089713790308131	DSP-1001250007851-H-A07.dcc	Geometric Segment	DKD
0.0239543821176072	0.00115498410777674	0.0260880129892649	0.00759638520491774	0.0797267321946012	0.164095673588834	0	0.12969531168198	0	0.0331442293901706	0	0	0	0.0605057684018392	0.0930705783304442	0.000959455208436759	0.34030364439249	0.0397048423916371	DSP-1001250007851-H-A08.dcc	Geometric Segment	DKD
0.0109815104369357	0.00227384172589312	0.0246873426220424	0	0.0746768906897173	0.270888166982731	0	0.166668342133965	0	0.0298748959914045	0	0	0	0.0706476497679998	0.0793856151899922	0	0.208913859740899	0.0610018847184201	DSP-1001250007851-H-A09.dcc	Geometric Segment	DKD
0.0225097500677714	0.00095032696509477	0.0212508661578919	0	0.08762282693609	0.258090768987009	0	0.0533411477811074	0	0.0190922309799064	0	0	0	0.0747589636235528	0.0900735621610645	0	0.300955863466656	0.0713536928738553	DSP-1001250007851-H-A10.dcc	Geometric Segment	DKD
0.0250304377264019	0.000763722888614127	0.0517441688502704	0	0.0843180643486423	0.0982689746176278	0	0.241188411145838	0	0.0306448783772794	0.00140751266833802	0	0	0.0580843179427178	0.0742494780008328	0.0115003691398781	0.294388996053493	0.0284106682400656	DSP-1001250007851-H-A11.dcc	Geometric Segment	DKD
0.0457074218632929	0.00250777497632383	0.000354980443496589	0	0.0998133630120898	0.23270161155987	0	0.186068823775659	0	0.058322764331785	0	0	0	0.0737617286463448	0.05156152319726	0	0.206979507655312	0.0422205005385661	DSP-1001250007851-H-A12.dcc	Geometric Segment	DKD
0.0329205075111384	0.00153807759299823	0.0336425529688471	0	0.0818821975334948	0.145062547122977	0	0.223678046639941	0	0.0282513623634784	0.00322535310021054	0	0	0.0426336138983618	0.067932062458339	0.0408631351136522	0.279687937598768	0.0186826060977936	DSP-1001250007851-H-B01.dcc	Geometric Segment	DKD
0.0151288346729528	0.00130216009791992	0	0.0156155592559726	0.092257777269615	0.111915241133921	0	0.206186703421249	0	0.0186856661075212	1.47843052241539e-05	0	0	0.13487305490799	0.0917554091940344	0	0.280898937680226	0.031365871953374	DSP-1001250007851-H-B02.dcc	Geometric Segment	DKD
0.0114844560874876	0.000912702825777151	0.0371979135070062	0.00627346194302491	0.0907168345987522	0.036591335599476	0	0.31709728513885	0	0.0464203695035454	0	0	0	0.0533179981641839	0.098592105790092	0	0.26479917069373	0.0365963661480742	DSP-1001250007851-H-B03.dcc	Geometric Segment	DKD
0.0138351799592223	0.00195705509905927	0.0165825696158199	0	0.105137685745597	0.117944312904621	0	0.233009535172026	0	0.0223436783910784	0.00216198788122845	0	0	0.0914463062409379	0.0893551092769306	0	0.261677889667072	0.0445486900464084	DSP-1001250007851-H-B04.dcc	Geometric Segment	DKD
0.0123840552941317	0.00160092783055548	0.0351074391520298	0	0.0869799830742512	0.151978576314314	0.00174253723171479	0.145077510999126	0	0.0330698289707411	0.00121032824163785	0	0	0.0920202587444267	0.142965136448714	0	0.267436724317355	0.0284266933810017	DSP-1001250007851-H-B05.dcc	Geometric Segment	DKD
0.0204203879107982	0.000666216611661906	0.0192420145658184	0	0.112361808243914	0.0926230341014588	0	0.263956956679283	0	0.0325530608777396	0	0	0	0.0472789860319029	0.118799596951184	0	0.257117778070675	0.0349801599555635	DSP-1001250007851-H-B06.dcc	Geometric Segment	DKD
0.0244706389548637	0.0012614834461984	0.039256149128297	0	0.0868439250048152	0.0933205383760852	0	0.197397869551913	0	0.0533763543836395	0	0	0	0.0531650316912382	0.147772143239088	0	0.278778424150939	0.0243574420729234	DSP-1001250007851-H-B07.dcc	Geometric Segment	DKD
0.0325123925528323	0.00198224141641459	0.0153860836674825	0	0.0997081712469667	0.0874904077784962	0	0.266250048036209	0	0.0206143555739369	0	0	0	0.0724597221418796	0.0441041866842744	0.0131203191322008	0.288770554114347	0.0576015176549595	DSP-1001250007851-H-B08.dcc	Geometric Segment	DKD
0.026095931286829	0.00342497508192811	0.01250197451468	0	0.132871179511706	0.211549989270367	0	0.142729293732875	0	0.0375630589276687	0	0	0	0.0689668501719591	0.0849040187552554	0	0.220134339497415	0.0592583892493172	DSP-1001250007851-H-B09.dcc	Geometric Segment	DKD
0.0147193318476236	0.00259388990926877	0	0.0242304568069649	0.118596265750407	0.219009733140257	0	0.110876472550195	0	0.0292305618747726	0.000185473424626343	0	0	0.0515885922171968	0.0668346492644483	0	0.339705612841524	0.022428960372715	DSP-1001250007851-H-B10.dcc	Geometric Segment	DKD
0.0245974466114927	0.00148591998942441	0.0276667233985268	0	0.0858781275098508	0.185832977346132	0	0.176005847179122	0	0.00152844596406036	0.000120076516196657	0	0	0.0898695164553952	0.119207829605004	0	0.269842604169294	0.0179644852555005	DSP-1001250007851-H-B11.dcc	Geometric Segment	DKD
0.020962360427294	0.00131217719696027	0.0134674942586129	0	0.0755458859705513	0.223658526885718	0	0.108997414665481	0	0.0187081615529096	0.0153216324470131	0	0	0.0755859640375741	0.0885419249233595	0.0128074472592202	0.323113106761658	0.0219779036136475	DSP-1001250007851-H-B12.dcc	Geometric Segment	DKD
0.0189904205241528	0.00175113752817101	0.0310716309213762	0	0.106120006267162	0.147615799326014	0	0.166881362101153	0	0.0350168313359489	0	0	0	0.0507511820546341	0.0937595953589752	0	0.311375973488028	0.0366660610943854	DSP-1001250007851-H-C01.dcc	Geometric Segment	DKD
0.0215245003905024	0.00173330231123892	0.0474249523701002	0	0.0777713908555592	0.0506825256029097	0	0.179966032571036	0	0.0562706074038747	0	0	0	0.0659194732199212	0.085762088605121	0.0187606022791632	0.362539311446977	0.0316452129435963	DSP-1001250007851-H-C02.dcc	Geometric Segment	DKD
0.0139557369010055	0.0010655962430816	0	0	0.0795681384088387	0.0976517301455165	0	0.208650078261467	0	0.0359713470449258	0.000593991577066888	0	0	0.0605402981412949	0.0905484303838463	0.0414700583174241	0.336464026979272	0.0335205675962603	DSP-1001250007851-H-C03.dcc	Geometric Segment	DKD
0.0255409424863922	0.0024324087339312	0.039935837385994	0	0.0735111795688415	0.19099937145635	0.0308367760778854	0.116059091051597	0	0.0401154802524745	0	0	0	0.0503985332255341	0.128106897292822	0	0.262635991555876	0.0394274909123019	DSP-1001250007851-H-C04.dcc	Geometric Segment	DKD
0.0166086041625013	0.00138512048852837	0.0402725053731156	0	0.0649217360522623	0.0973266763710946	3.73943511483403e-05	0.300059742030144	0	0.0418702917276576	0.00447712290728132	0	0	0.0503445468851994	0.0528835561150303	0.00474050860278338	0.267644143126578	0.0574280518066752	DSP-1001250007851-H-C05.dcc	Geometric Segment	DKD
0.0135684295439088	0.00108494975726011	0	0	0.0964260537493091	0.17044348727671	0	0.174044531743424	0	0.0198390718161188	0.00317076243686611	0	0	0.0933001283745018	0.0957824853615293	0.00420337896323768	0.303163558755351	0.024973162221783	DSP-1001250007851-H-C06.dcc	Geometric Segment	DKD
0.0210517387950738	0.00140845962153837	0.0184623356078075	0	0.0905429885969438	0.0774113728386653	0	0.23277012732985	0	0.0327608068810958	0.00879755531713514	0	0	0.124011120305442	0.0775075232791652	0	0.28027614945201	0.0349998219752739	DSP-1001250007851-H-C07.dcc	Geometric Segment	DKD
0.0175956041797433	0.00174105638517269	0.0105937203689829	0	0.137983200992646	0	0.0302677607651976	0.319176185240652	0	0.0699338258369989	0	0	0	0.0564337346205807	0.0810291833516426	0	0.243362424463307	0.0318833037950761	DSP-1001250007851-H-C08.dcc	Geometric Segment	DKD
0.0185576026597226	0.00152759810770576	0	0	0.134024616758312	0.0745216768298409	0	0.286102406955062	0	0.0224173711877589	0	0	0	0.065782296831973	0.107851680461501	0	0.235411749251126	0.0538030009569971	DSP-1001250007851-H-C09.dcc	Geometric Segment	DKD
0.0428858641006495	0.00211937025669713	0	0	0.11290639571028	0.208917189849644	0	0.139817876827825	0	0.0325802959157823	0	0	0	0.048217094930978	0.0680938363595076	0.00803094015509673	0.294250160347122	0.0421809755464177	DSP-1001250007851-H-C10.dcc	Geometric Segment	DKD
0.0337065734954984	0.00398595508017247	0	0.0187383461060819	0.0963771960520671	0.0521333655807365	0	0.191918922880976	0	0.0506034867492693	0	0	0	0.0602993856769592	0.0604328972424349	0	0.388109553798728	0.0436943173370765	DSP-1001250007851-H-C11.dcc	Geometric Segment	DKD
0.022478653918872	0.00157172724972247	0	0	0.123256520102851	0.132482642602806	0	0.235533970082807	0	0.0663898436938073	0	0	0	0.070100982005388	0.058871694010717	0.0371905902039051	0.222253783392687	0.0298695927364373	DSP-1001250007851-H-D02.dcc	Geometric Segment	DKD
0.0152342904324008	0.00184941362828206	0.0370888693529672	0	0.12643125427276	0.0909152171314118	0	0.259237005937914	0	0.0471067223694531	0.000578738102433539	0	0	0.0615026723481667	0.0813928339182763	0.000309679959422682	0.246607334080241	0.0317459684662701	DSP-1001250007851-H-D03.dcc	Geometric Segment	DKD
0.0150048501592146	0.000921929313960919	0.0240442109679188	0	0.114917277059354	0.157696174985942	0	0.176327972727754	0	0.0565003254119854	0	0	0	0.045970545105132	0.0730802171555957	0.0139865017234113	0.282799255438161	0.0387507399515701	DSP-1001250007851-H-D04.dcc	Geometric Segment	DKD
0.0277704142960376	0.00190950065355956	0	0.0465929628603986	0.0903474087258502	0.0422839049380381	0.0377455824900973	0.141656376778089	0	0.0288725871322288	0.00105811073653577	0	0	0.0375368878500093	0.0979617797051424	0.0693319137549828	0.350458463354352	0.0264741067246788	DSP-1001250007851-H-D05.dcc	Geometric Segment	DKD
0.0294144512741978	0.00119291969257259	0	0	0.0762809778462684	0	0.196388233877705	0.0848102262872905	0	0.0310888461529112	0.0060249773811054	0	0	0.0931261066211995	0.0595081991741	0	0.351509733949831	0.0706553277428185	DSP-1001250007851-H-D06.dcc	Geometric Segment	DKD
0.0339437442461108	0.00235108538897218	0.0311867597511581	0	0.100825243890947	0.167242607025093	0	0.179207121901274	0	0.0333217658649502	0	0	0	0.0613796407887309	0.0920613844287416	0	0.25274584852408	0.045734798189942	DSP-1001250007851-H-D07.dcc	Geometric Segment	DKD
0.0183766642511459	0.00189305475571007	0.0619591148264432	0	0.0952439215466272	0.0465141769819654	0	0.291251955451772	0	0.0270862682335416	0.00145695335996088	0	0	0.0594706683160534	0.0722537461977378	0	0.289340597331112	0.0351528787479306	DSP-1001250007851-H-D08.dcc	Geometric Segment	DKD
0.00919671092397692	0.00184403413042638	0	0	0.131865349021438	0.163253340364434	0	0.233926659004816	0.00188596451915631	0.0232116457501153	0.00741950935863744	0	0	0.0523732829152921	0.0863475274740315	0	0.236353612794868	0.0523223637428094	DSP-1001250007851-H-D09.dcc	Geometric Segment	DKD
0.0300249497190456	0.00163582488095863	0.0550742505171615	0	0.0648605062909172	0.0604837645044653	0	0.321389925346696	0	0.021741612067975	0.00125273948924681	0	0	0.057952596714259	0.0528653449548727	0.0174389785465222	0.284855599826842	0.0304239071410391	DSP-1001250007851-H-D10.dcc	Geometric Segment	DKD
0.0279827158925391	0.000939706676852824	0.044719345995998	0.00167212910671735	0.0722216189083811	0.0713166238194457	0	0.296586149675726	0	0.0352154912366755	0	0	0	0.0795593246773531	0.0665513650607155	0	0.276925345551795	0.0263101833978006	DSP-1001250007851-H-D11.dcc	Geometric Segment	DKD
0.0126575276018003	0.00190038794385919	0.0579298046918273	0	0.0882310265643072	0.171620018305033	0.00668594417631171	0.119139037885379	0	0.020878868647821	0	0	0	0.0754541117057992	0.0426291232978106	0.0264830134189721	0.327296263097668	0.0490948726634116	DSP-1001250007851-H-D12.dcc	Geometric Segment	DKD
0.0588608595933703	0.0150829323240666	0	0.157482405487085	0.107473347889523	0.0836484004887859	0	0	0	0.119212856336959	0.00561753972051964	0	0	0.0486641794201058	0.102033240240567	0.0977933987043128	0.171985248852856	0.0321455909418484	DSP-1001250007851-H-E01.dcc	PanCK+	DKD
0.156334672024774	0.00387568741044301	0	0	0.0720890487158806	0	0	0	0.0328793690142902	0.0322531731125712	0	0	0	0.0126834388612481	0.0935613317099846	0.146561043752857	0.246395403775829	0.203366831622122	DSP-1001250007851-H-E02.dcc	PanCK-	DKD
0.0379894858836893	0.0199675439545492	0.154117493059685	0	0.0649896085548805	0	0	0	0	0.0704389551432974	0.0219206221689855	0	0	0.0408677494357899	0.0767012622098023	0.159062336505543	0.295298803449004	0.0586461396347743	DSP-1001250007851-H-E03.dcc	PanCK+	DKD
0.0437730827556743	0.00415684484659665	0.0167233049979712	0	0.0549409881937069	0	0	0.310258600015353	0	0.0181798182555613	0.0114251559906477	0	0	0.00111192590292747	0.129720942219523	0.12435939281147	0.200729097165192	0.0846208468453763	DSP-1001250007851-H-E04.dcc	PanCK-	DKD
0.047686763668394	0.00390415838688157	0.0564371259080498	0.0185969088930648	0.191660506397846	0	0	0.332853015155638	0	0.072254690114113	0	0	0	0.0219575897080522	0.0596367092471791	0.0685625404952351	0.0703619670870875	0.0560880249384593	DSP-1001250007851-H-E05.dcc	PanCK+	DKD
0.0842790698356196	0.00251898797827869	0.0191321820069258	0.0324279855159179	0.115842427289362	0	0	0.0236322707417676	0.0618741848489382	0.0329298992210741	0.0178779673232664	0	0	0.00827348499763272	0.107142627122433	0.140542226782292	0.169309926429721	0.184216759906771	DSP-1001250007851-H-E06.dcc	PanCK-	DKD
0.029606780641882	0.00471080141469595	0.0211118648186017	0	0.148899235357118	0.0327351729537856	0	0.514684429081651	0	0.0483239538356692	0.0374944219849943	0	0	0.0229637474265825	0.0439409467438926	0	0.0817550634803769	0.0137735822607493	DSP-1001250007851-H-E07.dcc	PanCK+	DKD
0.0420970145782629	0.00133692006110419	0	0	0.107277120307146	0.0128722282627548	0	0.189003586368355	0	0.0291836682150198	0.0136837224312577	0	0	0.0250683537591397	0.0498809449187526	0.194890600544197	0.211602137803944	0.123103702750066	DSP-1001250007851-H-E08.dcc	PanCK-	DKD
0.0565174780769577	0.00416367645540547	0	0.0701800197770648	0.145856245154542	0.136537549225398	0	0	0	0.0414555758524025	0	0	0	0.0168267902875334	0.156473128127259	0.135513913829361	0.0961661775094997	0.140309445704576	DSP-1001250007851-H-E09.dcc	PanCK+	DKD
0.0602184216203398	0.001119972508397	0.0737012482935381	0.040620361053127	0.0463336129265736	0	0	0.118820938345296	0	0.0314518457785916	0	0	0	0.00991322635795435	0.0601075289403463	0.16956589936493	0.163821848241954	0.224325096568954	DSP-1001250007851-H-E10.dcc	PanCK-	DKD
0.0905517991259541	0.00479100075148938	0.0531131169395713	0	0.157159643507567	0	0	0.21621315239744	0	0	0.0173102576817801	0	0	0.0150267123506295	0.0436640455463918	0.11620963747117	0.151241066553755	0.134719567674252	DSP-1001250007851-H-E11.dcc	PanCK+	DKD
0.136041332154854	0.00304836887861426	0.030096549129361	0	0.0807122308265067	0	0	0.0399725725617746	0.0190023551250856	0.0369479190694807	0	0	0	0.0293805810371671	0.0635355071123553	0.140886602230726	0.140193393210179	0.280182588663896	DSP-1001250007851-H-E12.dcc	PanCK-	DKD
0.0407903772986177	0.0014820093633712	0	0	0.0280502413742592	0.241860738784603	0.00919312221880291	0.180271046050127	0	0.0513786290566793	0	0	0	0.0187742075204831	0.124603485319641	0.0766933638769706	0.191676313842627	0.035226465293818	DSP-1001250007851-H-F01.dcc	Geometric Segment	DKD
0.0428566442842256	0.00141898504426148	0.0147634576698288	0	0.0440961998754604	0.300552291609225	0.0177804040544023	0.141809657298327	0	0.0294327794490837	0	0	0	0.0116184269987247	0.120419063080546	0	0.21398224829026	0.0612698423456551	DSP-1001250007851-H-F02.dcc	Geometric Segment	DKD
0.0387300606658185	0	0	0	0.0578063667069359	0.23852060570713	0	0.157415958124992	0	0.0360751162335606	0	0	0.000181293250378776	0.0222861601774343	0.137545443746887	0.0581330677956526	0.210610168834579	0.0426957587566309	DSP-1001250007851-H-F03.dcc	Geometric Segment	DKD
0.0350859951710058	0.00266601952389242	0	0	0.0817705654976969	0.128921064755494	0.0856327715285825	0.23847047672523	0	0.0177012655155832	0	0	0	0.0329585978265648	0.0960554178788497	0.0759985552348811	0.135881345256702	0.0688579250855172	DSP-1001250007851-H-F04.dcc	Geometric Segment	DKD
0.0308275728122912	0.00166725324290091	0	0	0.0756226142264021	0.365593022354211	0.102118330687829	0.0282390904813709	0	0.0173920049356015	0	0	0	0.014900732573932	0.0921385467040261	0.0506169972314974	0.179143555608543	0.0417402791413955	DSP-1001250007851-H-F05.dcc	Geometric Segment	DKD
0.0268969692000629	0.00144669700591512	0	0	0.0135436458202919	0.197430961207975	0.0533034788522596	0.211253845656151	0	0.0211459779966068	0	0	0	0.0186392447240981	0.122763570675247	0	0.262444394264651	0.0711312145967421	DSP-1001250007851-H-F06.dcc	Geometric Segment	DKD
0.0358996150971597	0.0011645252952702	0	0	0.053429679538514	0.315092479391079	0.0519802490104817	0.0198114202768137	0	0.0228058216249374	0	0	0.00432966580498794	0.0172081870766587	0.141880121095982	0	0.20337925461427	0.133018981173846	DSP-1001250007851-H-F07.dcc	Geometric Segment	DKD
0.0147918894815261	0.00144156896825353	0	0	0.0367650595526163	0.0991013194992306	0.175669154014899	0.0863919478978375	0.00874775081862637	0.00445859621856591	0	0	0	0.0197620533419951	0.0678309868879043	0	0.340047915671764	0.144991757646782	DSP-1001250007851-H-F08.dcc	Geometric Segment	DKD
0.00076199868497285	0.00243997113751673	0.000655522991175676	0	0.0789910224199631	0.31682725903825	0	0.24942199751893	0	0	0	0	0.00877576852623189	0.0200056496819518	0.0815204045111327	0.0160849126374117	0.179449805505224	0.0450656873472388	DSP-1001250007851-H-F09.dcc	Geometric Segment	DKD
0.024721755600494	0.00010348982577135	0	0	0.0543852487324623	0.346589249970574	0.0492248269596996	0	0.130143096087596	0	0	0	0	0	0.128390819112122	0.0134734260782013	0.197441196820753	0.0555268908123264	DSP-1001250007851-H-F10.dcc	Geometric Segment	DKD
0.0500034167484328	0.00282127978410796	0	0	0.0584456377761588	0	0.118960729477417	0.161133213687293	0.0609721913661877	0.0251865918989316	0	0	0	0.0105672451120505	0.116659604079334	0.138457071160429	0.165443097032517	0.0913499218771398	DSP-1001250007851-H-F11.dcc	Geometric Segment	DKD
0.010309828317623	0	0.0402491644255922	0	0.0296391981030206	0.18622446359035	0	0.113878743781306	0.0237863472181009	0	0	0	0	0.0207639176378358	0.0987383374738429	0	0.327477632355631	0.148932367096698	DSP-1001250007851-H-F12.dcc	Geometric Segment	DKD
0.0476094201240687	0.0155504921602506	0	0	0.25445181594974	0.0627445227539846	0	0.242894170720722	0	0.0885709401069399	0.00339307136108514	0	0	0	0.0699918623259753	0.00102801584115887	0.144371280258031	0.069394408398044	DSP-1001250007864-D-A02.dcc	PanCK+	normal
0.0508071689288865	0.00233013384738161	0	0	0.235547619881286	0	0	0.252974901642214	0	0.0426267722615599	0	0	0	0.0100709631020987	0.0806241697866212	0.0651139861149974	0.223191095818624	0.0367131886163301	DSP-1001250007864-D-A03.dcc	PanCK-	normal
0.0555807717508914	0.0154446705815022	0	0	0.30498628322802	0.052091669989218	0	0.302388717550051	0	0.041182055357381	0	0	0	0	0.0827966031105648	0	0.126763929286217	0.0187652991461539	DSP-1001250007864-D-A04.dcc	PanCK+	normal
0.0795935940145536	0.0035926451691105	0	0.035993601485453	0.211807780937266	0	0	0.0312437752172782	0.14863180595319	0.0378263598074768	0.0238668321042301	0	0	0.0153327547783147	0.0566989859031664	0.00368832839012387	0.310527641963439	0.0411958942763979	DSP-1001250007864-D-A05.dcc	PanCK-	normal
0.0343014683645041	0.00694905027239825	0.0587150418136644	0	0.204904587852793	0	0	0.290032805542807	0	0.0343459297018946	0	0	0	0.0139539721596978	0.0907481429938963	0.0795767275457837	0.105068066844684	0.0814042069078763	DSP-1001250007864-D-A06.dcc	PanCK+	normal
0.157188167111535	0.00105533452355237	0.0497450318099315	0	0.0749012540229535	0.0148785380724865	0	0.108028976223004	0.0408301176778516	0.0468902443543174	0.00958744777401907	0.000738907574304157	0	0.0425818954038459	0.0425283710233676	0.115486819989474	0.214208643297256	0.0813502511421003	DSP-1001250007864-D-A07.dcc	PanCK-	normal
0.0621366524987704	0.00530656088772701	0	0	0.171384479161448	0.014085250819937	0	0.308909348610524	0	0.113590247378899	0	0	0	0.0186104796372215	0.0775200416814793	0.103254419429814	0.0974421060983466	0.0277604137958318	DSP-1001250007864-D-A08.dcc	PanCK+	normal
0.0727887703393778	0.002126303941562	0	0	0.172716201442987	0	0	0.238653529611003	0	0.0591329672816272	0.0133483684166735	0	0	0	0.0479320970538089	0.106936890730936	0.26378956811872	0.0225753030633044	DSP-1001250007864-D-A09.dcc	PanCK-	normal
0.0632027054871004	0.0102480067326608	0	0	0.223276899783626	0.0936230509039201	0	0.314836044956723	0	0.088437540790549	0	0	0	0.000588703852739062	0.0546519769925109	0	0.107009381558282	0.0441256889418892	DSP-1001250007864-D-A10.dcc	PanCK+	normal
0.0805951936207466	0.00438724016468234	0.013985000296209	0	0.191026377391229	0	0	0.137021269216362	0.0942346106978571	0.0282988290979314	0.0128815003399012	0	0	0.00072274861793423	0.0626676206952617	0.0926023583105484	0.171173801368599	0.110403450182738	DSP-1001250007864-D-B01.dcc	PanCK-	normal
0.0149551310422843	0.00102512243129199	0.0516154539520437	0	0.0562092103506586	0.106758044379515	0	0.225634723096166	0	0.0436620241981936	0	0.0126114776020208	0	0.0120638725797922	0.00371696850329037	0	0.432522482484137	0.0392254893806062	DSP-1001250007864-D-B02.dcc	Geometric Segment	normal
0.00616014813979687	0	0.0205397367823487	0	0.0764579528941428	0.199094033732878	0	0.224436796774025	0	0.0318303985568841	0	0.0123163786721837	0	0	0.00688378741561266	0	0.365029621551971	0.0572511454801575	DSP-1001250007864-D-B03.dcc	Geometric Segment	normal
0.00254429011454489	0.000264732288272653	0.0425210069212428	0.16526391064959	0.028715463849771	0.214323380936625	0	0	0	0	0	0.000368006527764657	0	0	0.0611342057770584	0	0.447840369474532	0.037024633460599	DSP-1001250007864-D-B04.dcc	Geometric Segment	normal
0.00892511357153343	0.000995554184459335	0.114405099143023	0	0.0463504974464799	0.140440440743582	0	0.237352500030562	0	0.0215445378459139	0.000147645803808712	0.00595225432990421	0	0.0123325618921494	0.0313168654703234	0	0.343950115990749	0.036286813547513	DSP-1001250007864-D-B05.dcc	Geometric Segment	normal
0.0115220853231184	0.000173704955041399	0	0.00277620301097276	0.065439770189892	0.193752211990745	0	0.00140557436195863	0.036062719188194	0.0213345060865553	0	0	0	0.0899483716633309	0.0241371933066437	0.0404256263813664	0.481731850705514	0.0312901828366673	DSP-1001250007864-D-B06.dcc	Geometric Segment	normal
0.00423215344085506	0	0	0.144111598275289	0.0293314939120068	0.2908137038365	0	0.0644933257575065	0	0.0364942181325836	0	0	0	0.00917514161758581	0.0050852174633433	0	0.38174692591989	0.0345162216444393	DSP-1001250007864-D-B07.dcc	Geometric Segment	normal
0.0237927412166942	0.00135039864969494	0.0270726251141103	0.0601766371620317	0.0600615736343459	0.260979121345947	0	0.0621163598699689	0	0	0	0	0	0.0210798128285174	0.0173174516574446	0.00230306462476118	0.384960392843284	0.0787898210532005	DSP-1001250007864-D-B08.dcc	Geometric Segment	normal
0.00206011557654061	2.38950610338941e-05	0.0249479492539186	0.0297866684293242	0.0819755396043246	0.151586655305303	0	0.153869755120639	0	0.0159743125613693	0.000695289380050046	0.00681985048131749	0	0.00877404103650758	0.0191295965289458	0	0.466110481060947	0.0382458505997784	DSP-1001250007864-D-B09.dcc	Geometric Segment	normal
0.00319883279406917	0.00140431091532771	0.107078583574747	0.0338430539817016	0.0105139908897476	0.0587353339195164	0.00920332897740738	0.183399213760956	0	0.0213900524838243	0	0.00240992475887783	0	0.0266895318824738	0.0134839247431667	0.0208656995421777	0.454300946216665	0.0534832715593408	DSP-1001250007864-D-B10.dcc	Geometric Segment	normal
0.00447205247899328	0.000126770416644312	0.158055820442414	0	0.0295163867790775	0.0196214094564853	0.195850845456552	0.0463094171289972	0	0.0202858652712472	0	0	0	0	0.0152251901870966	0	0.458131735611897	0.0524045067705954	DSP-1001250007864-D-B11.dcc	Geometric Segment	normal
0.0137745317302179	0.00111966579193549	0	0.153770789742904	0.0498347171848247	0.0992343656207184	0	0.0839368449920966	0	0.0315298407021025	0.0050593089445857	0	0	0.0104183589225444	0.0159425215425656	0	0.472723322268872	0.0626557325566327	DSP-1001250007864-D-B12.dcc	Geometric Segment	normal
0.00339984287210555	0.00407021856929795	0.0760342361734187	0.117467108746336	0.0128105819590354	0.266216101011981	0	0.124598341347856	0	0.00379033316576161	0	0	0	0.039684497868176	0.0127150045147789	4.8984286127793e-08	0.314877204846653	0.0243364799403146	DSP-1001250007864-D-C01.dcc	Geometric Segment	normal
0.0170357774435464	0.00193904851204533	0.070956798942212	0	0.0736562752813875	0.212899681225198	0	0.0161825716099025	0	0.0367043122453076	0	0.00130909995675234	0	0.019673717171054	0.00529564406901749	0	0.504487113096296	0.0398599604472809	DSP-1001250007864-D-C02.dcc	Geometric Segment	normal
0.0150101313578407	0.00241009562334578	0	0.140704340901288	0.076273470942322	0.269341951724487	0	0.0758731994692809	0	0.0411298608025923	0	0	0	0	0.0121781991002297	0	0.333676001370377	0.0334027487082367	DSP-1001250007864-D-C03.dcc	Geometric Segment	normal
0.0138503080835928	0.000423855777675326	0	0.123539753745776	0.0356741994703683	0.24389562183153	0	0.125521718136735	0	0.0295561566160566	0	0	0	0.0128040695217331	0.00554074200295317	0	0.362958127554135	0.0462354472594443	DSP-1001250007864-D-C04.dcc	Geometric Segment	normal
0.0115865408119058	0.000196608830323873	1.80949162031888e-07	0.057748876718448	0.0601857739512119	0.265189337545551	0	0.143868280223183	0	0.0273427305425959	0	0.00837660630328383	0	0.0199614539504857	0.0110324379592856	0.0288714416848323	0.315299483491615	0.0503402470381164	DSP-1001250007864-D-C05.dcc	Geometric Segment	normal
0.0235946532308765	0.000906563222796815	0.00278160487888318	0.0164054513219009	0.0988544264011157	0.28765368758761	0	0.0804833936300185	0	0.021676158750385	0	0.00190106470405459	0	0.0435717872832686	0.0280831213176517	0	0.377746761136607	0.0163413265348318	DSP-1001250007864-D-C06.dcc	Geometric Segment	normal
0.0143277242418436	0.000199598659497826	0	0.0365574288152292	0	0.189690470675808	0	0.0553721995876644	0	0.0253642075870263	0	0.000446208868793427	0	0.0673232813626558	0.0124563364827938	0	0.520077655971496	0.0781848877471913	DSP-1001250007864-D-C07.dcc	Geometric Segment	normal
0.011276303395926	0.00154760861137099	0	0.0569023956791075	0.0541351476013695	0.348853658174769	0	0.0693987540721623	0	0.0193494421782172	0.00809118621833902	0.00186375495928883	0	0.0135827861860827	0.0338305110121543	0	0.327688847653856	0.0534796042573565	DSP-1001250007864-D-C08.dcc	Geometric Segment	normal
0.00903117609202626	0	0.0250702070105065	0.136590754944646	0.000136077914251548	0.154600385227043	0	0.185823831057608	0	0.0383366917369782	0	0	0	0.0130659124359549	0.0445271799204727	0.00577443966687076	0.365489790843494	0.0215535531501469	DSP-1001250007864-D-C12.dcc	Geometric Segment	normal
0.00353659116699624	0	0	0.141212030535456	0	0.26359105604398	0	0.138302601052849	0	0.058116547352278	0	0	0	0.0124377802540846	0.0255699770218184	0	0.341712380631445	0.0155210359410915	DSP-1001250007864-D-D01.dcc	Geometric Segment	normal
0.0178750476670703	0.00134897993303464	0.0101679094525905	0.0752660115406464	0.033978044856337	0.169942653345264	0	0.209495418464926	0	0.0158942167580981	0.00160427936682663	0.00736559088533898	0	0.0372233609432621	0.0284047123167669	0	0.368778451669226	0.0226553228006114	DSP-1001250007864-D-D02.dcc	Geometric Segment	normal
0.0219559315271966	0.0017646385864531	0	0.0586916848581942	0.0346459667671627	0.0931479784368352	0.0501532027202855	0.21945704692569	0	0.0194597724947341	0	0.00636648550209812	0	0.0336819488516976	0.0220548535322218	0.00918702627571547	0.380243625716949	0.049189837804767	DSP-1001250007864-D-D03.dcc	Geometric Segment	normal
0.00304939513347899	8.9140856201961e-05	0.0577841093598278	0.0378037948227646	0.0483645494204979	0.216819059610019	0	0.199600634553612	0	0.0396686944454345	0	0.00121142931115269	0	0.00275397778286621	0.016487754426454	0	0.347319032375938	0.0290484279017522	DSP-1001250007864-D-D04.dcc	Geometric Segment	normal
0.00172782784092337	0.000543380496680506	0.0608271082476731	0.0444410934677295	0.0587774594911647	0.18416987402844	0	0.204284790323941	0	0.0470962419034406	0	0	0	0	0.0230274785790577	0	0.354963338107814	0.020141407513136	DSP-1001250007864-D-D05.dcc	Geometric Segment	normal
0.00924194202574932	0.000362403751989773	0	0.0736280033529147	0.0802378513628536	0	0.0525493399934421	0.211157439698849	0	0.0164344441959002	0	0.00758382425378835	0	0.0304061948969544	0.0102182232217037	0	0.449855851001777	0.058324482244078	DSP-1001250007864-D-D06.dcc	Geometric Segment	normal
0.0103932604085027	0.000307860583498195	0	0.081106820625699	0.0540212408888927	0.131830589803974	0	0.206706533688321	0	0.00916437382597971	0	0	0	0.0314210053665519	0.0161803888637657	0	0.405214383462076	0.0536535424827383	DSP-1001250007864-D-D07.dcc	Geometric Segment	normal
0.00455241628998412	0.00034111110780917	0	0.101187740586519	0.0747126626362501	0.175724141163755	0	0.196097662529825	0	0.0108793478238682	0	0	0	0.0548490085155481	0.00515915231142009	0.00891137763119094	0.341561107476045	0.0260242719277859	DSP-1001250007864-D-D08.dcc	Geometric Segment	normal
0.00897496722028176	0.000318270983723438	0.0542647863335138	0.0838554558426301	0.0330905178851654	0.171909168509217	0.0440005142108571	0.143360392158805	0	0	0	0.00411448343680075	0	0.00381541408547099	0.0176687758983423	0	0.389605925449521	0.0450213279856714	DSP-1001250007864-D-D09.dcc	Geometric Segment	normal
0.00324511974948356	0.00109165348299093	0	0.126918119403831	0.0222298722568214	0.234097162245603	0	0.0939560706511702	0	0.0298192715498517	0.00654917299268975	0	0	0	0.0260273041690095	0	0.420779513813221	0.0352867396853278	DSP-1001250007864-D-D10.dcc	Geometric Segment	normal
0.00512017181585256	0	0	0.156957325933096	0.0591906144632096	0	0.118361264378866	0.00725805204458741	0	0.032853588100328	0	0.0048429637906267	0	0.00741415134608303	0.0201885760059528	0	0.543548178146393	0.0442651139750046	DSP-1001250007864-D-D11.dcc	Geometric Segment	normal
0.0126834331982047	0.00150005318212238	0	0.17338315096692	0.040492196239133	0.0987146324167773	0	0	0.0319009992973063	0.0143389564583616	0	0	0	0.003852918878682	0.0323219059156604	0	0.533043905327406	0.0577678481194271	DSP-1001250007864-D-D12.dcc	Geometric Segment	normal
0.00798699180101188	0.000309008326735779	0.0163046072092857	0.0731149823199923	0.0286597493573088	0.26762243458605	0.0239742205810338	0.105740939447339	0	0.0383788041654761	0	0	0	0	0.0278029675776302	0	0.373528070011239	0.0365772246168977	DSP-1001250007864-D-E01.dcc	Geometric Segment	normal
0.000273348366204902	0.00105479395224141	0	0.0690333721073516	0.0296978550399942	0.172140509859027	0	0.218858604664108	0	0.0397885971270272	0.00458138934824546	0	0	0.0343975148909825	0.0310938828389499	0	0.365509523565054	0.0335706082408134	DSP-1001250007864-D-E02.dcc	Geometric Segment	normal
0.00479157561425949	0.00302295967739061	0.138005400851248	0	0.056644623374185	0	0.231195989939133	0	0	0	0	0.00224008608577981	0	0.0328585017854956	0.0226876347724268	0.000164526062599091	0.466088150899563	0.0423005509379202	DSP-1001250007864-D-E03.dcc	Geometric Segment	normal
0.00607990263348871	0.0011658172208682	0.0645115482790822	0	0.0519449266427462	0	0.197974608487905	0.109806888147208	0	0.0183045683463549	0	0.0112484505764416	0	0.00735988537258612	0.0803504297985895	0	0.40745802496045	0.0437949495342802	DSP-1001250007864-D-E04.dcc	Geometric Segment	normal
0	0.00189349184829626	0.00799888056372301	0.153379560979231	0	0.2382778849412	0	0.0826192097860887	0	0.0222266948480294	0	0	0	0.0147771467786576	0.00181104441458559	0	0.450520018919056	0.0264960669211322	DSP-1001250007864-D-E05.dcc	Geometric Segment	normal
0.0186148450032033	0.000683978519794975	0.0203891028743029	0	0.0219908550579316	0.208764989395361	0	0.164557440522734	0	0.00591776687167387	0.0018772766102606	0.0132481239015256	0	0.021328581021193	0.0193071934838811	0	0.458563380780477	0.0447564659576618	DSP-1001250007864-D-E06.dcc	Geometric Segment	normal
0.0100961409144109	0.00091357279055541	0.0623426989135231	0	0.0503303315019965	0	0.128205897523838	0.179965285791473	0	0.0379798167843661	0	0.00939672482276692	0	0.0135210016819894	0.0167549223684974	0	0.428785951044681	0.0617076558619021	DSP-1001250007864-D-E07.dcc	Geometric Segment	normal
0.00647888303017632	0.00240052657001328	0.0536129805645321	0.0193657636824625	0.0438329580073863	0	0.027951187590134	0.229119467212203	0	0.034503194581812	0.00338189895143797	0	0	0.0837762233075177	0	0.0557578796134468	0.374287531243076	0.0655315056458015	DSP-1001250007864-D-E08.dcc	Geometric Segment	normal
0	0.000335231634430804	0.104586510478129	0	0.0536286268814287	0.240757165089432	0	0.0201690537228173	0	0.00427956668914981	0	0	0	0.0362525510339889	0.0142279359908137	0	0.483793283366982	0.0419700751128279	DSP-1001250007864-D-E09.dcc	Geometric Segment	normal
0.010609980296396	0.000512563310198467	0	0.114229973140125	0.0622490110149321	0	0.0547153436377442	0.129413301911951	0	0.0268944104219217	0	0.00623578421119853	0	0.0612141604308816	0.0307758056051988	0	0.469655342313048	0.0334943237064048	DSP-1001250007864-D-E10.dcc	Geometric Segment	normal
0.0132502022870934	0.000583238821847363	0	0.128129462687507	0.0626960081405317	0.285144823886718	0	0	0	0.0425805736809811	0	0.000876637568483722	0	0.00262528051791123	0.0372162646896154	0	0.39756233736878	0.0293351703505303	DSP-1001250007864-D-E11.dcc	Geometric Segment	normal
0.0136461790016216	0	0.0667631217052283	0.0334671105377292	0.00339538805469169	0.367560582218611	0	0	0	0.018488294254038	0	0.00458935553523243	0	0.0166112929159304	0.0300802212028471	0	0.402509179695356	0.0428892748787135	DSP-1001250007864-D-E12.dcc	Geometric Segment	normal
0.011049254575638	0.00152424938917338	0	0.0648942491390413	0.0315831424587062	0.171571315346622	0	0.211950411232067	0	0.0281627990918157	0	0	0	0.025013186921153	0.0286218753824027	0	0.375618288153959	0.050011228309422	DSP-1001250007864-D-F01.dcc	Geometric Segment	normal
0.0915626302820042	0.0205596638125639	0.276540066094322	0	0.132894172031801	0	0	0.113692616907178	0.097178413028383	0.0277892024193626	0.00963960345815468	0	0	0.00308887047638779	0.063977144299854	0.0258239277243766	0.127204043552736	0.0100496459128755	DSP-1001250007864-D-F02.dcc	PanCK+	normal
0.075314473837741	0.00330316452063861	0.0135939191965663	0	0.113175402545706	0.116965545616347	0	0.220036894401807	0	0.112951332636458	0.005824647564641	0	0	0.0219532061621086	0.0606363586689134	0	0.229263828416614	0.026981226432459	DSP-1001250007864-D-F03.dcc	PanCK-	normal
0.0397165032373494	0.0226238735302854	0.0571511690078387	0	0.146559230511559	0.131811161313159	0	0.267692427296343	0	0.0460720202765027	0.00957494140892795	0	0	0.0179991419684561	0.081028881179415	0	0.16329389050339	0.0164767597667732	DSP-1001250007864-D-F04.dcc	PanCK+	normal
0.0195093926935571	0.0161600158549791	0	0	0.0908420818553046	0.36175577948134	0	0.20815746170343	0	0.0175900018999877	0.0160671484395226	0	0	0.0121795619988265	0.0496478134147351	0.0129863414206817	0.184307573712015	0.0107968275256208	DSP-1001250007864-D-F05.dcc	PanCK-	normal
0.0540574227740429	0.00856914491849171	0.0989991674746348	0	0.0892227893954136	0	0	0.489831726376042	0	0.0491414221018599	0.0171934806524302	0	0	0	0.0831683347469698	0	0.102190868384188	0.00762564317592712	DSP-1001250007864-D-F06.dcc	PanCK+	normal
0.0560470927592131	0.00818948236069979	0	0	0.0999385858352674	0.0722330703367245	0	0.2006243642999	0	0.0781396422453368	0.0116670521288318	0	0	0.00453872038013179	0.0498203979910842	0.178143894509112	0.215238181977307	0.0254195151763916	DSP-1001250007864-D-F07.dcc	PanCK-	normal
0.0463412304389688	0.00619340559131856	0.00299944235750414	0	0.215786741726457	0	0	0.506335751984498	0	0.0243672219808515	0.0150591762045208	0	0	0.00469095488194268	0.0445409541108145	0	0.120122863609894	0.0135622571132308	DSP-1001250007864-D-F08.dcc	PanCK+	normal
0.0390171139667054	0.00474621368205557	0.0277332861777651	0	0.0731469491452227	0	0	0.232946498992426	0	0.0599896287766018	0.0151063838548047	0	0	0	0.124335671700589	0.188137290501998	0.20786933153771	0.0269716316641212	DSP-1001250007864-D-F09.dcc	PanCK-	normal
0.0581230685166508	0.00438613262429966	0	0	0.20265454479204	0	0	0.426407868386736	0	0.0358423399649841	0.0295273348125178	0	0	0.0010555360667731	0.0774789472436447	0.032578433713069	0.116665605108151	0.0152801887711345	DSP-1001250007864-D-F10.dcc	PanCK+	normal
0.0463505161909588	0.00477632084621738	0	0	0.127048472369299	0	0	0.130778888717273	0	0.0435774169493656	0.0168420024410273	0	0	0	0.096491115791997	0.25217100135551	0.240078600799759	0.0418856645385928	DSP-1001250007864-D-F11.dcc	PanCK-	normal
0.0622415859728596	0.0219610335877468	0.151986764944223	0	0.0516380693621566	0.140343762132307	0	0.376031992638802	0	0	0.00916713912645049	0	0	0.033893030088401	0.0261569350714998	0	0.11930383626326	0.00727585081229268	DSP-1001250007864-D-F12.dcc	PanCK+	normal
0.0316125616582555	0.00756507110656039	0	0	0.105121968020751	0	0	0.244370901215325	0	0.0314716305556408	0.0244568172383041	0	0	0.0105471308268287	0.0868254951189333	0.185901184751849	0.24985753210039	0.0222697074071621	DSP-1001250007864-D-G01.dcc	PanCK-	normal
0.0191866390371807	0.000808298469208363	0.0145190018105262	0	0.0504733725978264	0.171277904372065	0	0.228122782299907	0	0.03041037573994	0	0	0	0.0255877204054253	0.0475767674103525	0.0271611627663959	0.328256891522224	0.0566190835689481	DSP-1001250007864-D-G02.dcc	Geometric Segment	normal
0.0203345347888733	0.00125995054589706	0.0157436938840943	0	0.053785417313364	0.215118061830619	0.0322244122957241	0.128372926558472	0	0.0186251083498218	0	0	0	0.00353421596872697	0.0517553153870989	0	0.422636044065218	0.0366103190120915	DSP-1001250007864-D-G03.dcc	Geometric Segment	normal
0.0142536365046703	0.00145871882483538	0	0	0.0411900814386447	0.290121168349507	0.0309168510806488	0.034123825563161	0	0.0257451038332304	0	0	0	0.0105073495239062	0.043680020563965	0	0.467796779838348	0.0402064644790825	DSP-1001250007864-D-G04.dcc	Geometric Segment	normal
0.0406858446749423	0.000389474016968366	0	0	0.0455568339820049	0.121096846655686	0.0262080308339875	0.173530292570039	0	0.0197309429132824	0.00327306429443808	0	0.00520055133039908	0.0291815992180778	0.104397473036872	0.00522764093444567	0.409455288538496	0.0160661170003606	DSP-1001250007864-D-G05.dcc	Geometric Segment	normal
0.0224969319899902	0.00206378296053177	0	0	0.0209263431727142	0.290778359141079	0	0.0895708713522277	0	0.0222229178919265	0	0	0	0	0.100562280096574	0	0.430182420125511	0.0211960932694456	DSP-1001250007864-D-G06.dcc	Geometric Segment	normal
0.017196156512838	0.000652897276141716	0	0	0.0493967807672838	0.189470827812076	0.0781060624496508	0.12042304296897	0	0.0233688264840856	0	0	0.00234402121618542	0.0345840059932612	0.0407143916309023	0	0.365690104724723	0.0780528821638821	DSP-1001250007864-D-G07.dcc	Geometric Segment	normal
0.0249493536437552	0.000827034377708305	0	0	0.0527808945104997	0.231904274276386	0.00658395008519017	0.137551659177565	0	0.0277842801224597	0	0	0.00363769677501515	0.023533112234729	0.0799504066685589	0.000879100391575962	0.366392773859525	0.0432254638770318	DSP-1001250007864-D-G08.dcc	Geometric Segment	normal
0.0136447818983141	0.00204935735509268	0	0	0.040003530964474	0.348005493089828	0	0.136625097555017	0	0.0447059083713668	0	0	0	0	0.0448553209534842	0	0.316688384527817	0.0534221252846065	DSP-1001250007864-D-G09.dcc	Geometric Segment	normal
0.056468510842255	0.000629907335074682	0	0	0.0428533135339813	0.25709467344388	0	0.140063668995603	0	0.0258211117767478	0	0	0	0.024718909788254	0.0759143056278019	0.0610212307370626	0.305567776504847	0.00984659141449263	DSP-1001250007864-D-G10.dcc	Geometric Segment	normal
0.0146554101258502	0.00058551467017964	0.0284371865743748	0	0.012431620327808	0.0875900986902147	0.0152437510279549	0.173852576092906	0	0.0473965488830683	0	0	0	0.0230722860743349	0.0606250879827942	0.0881424507644115	0.396592683552059	0.0513747852340438	DSP-1001250007864-D-G11.dcc	Geometric Segment	normal
0.0392061529353387	0.0011772329136288	0	0	0.00792610861698313	0.108416493333277	0.125282450022976	0.0855811665265084	0	0.0259463776860388	0	0	0	0.0135384563132288	0.114090353175737	0.0292210183568841	0.403076915973087	0.0465372741463117	DSP-1001250007864-D-G12.dcc	Geometric Segment	normal
0.0328204132657931	0.00730665680957195	0.00390455114801317	0	0.160666255910086	0.240172749863193	0	0.280737224867843	0	0.0602920915209956	0.00756451219836998	0	0	0.00382453163074266	0.0576318971235535	0.0297603875118582	0.0636139393670841	0.0517047887828964	DSP-1001250007864-D-H01.dcc	PanCK+	DKD
0.060704208926921	0.00542519396369034	0.0126869839620573	0	0.12409764658586	0	0	0.33914981085482	0	0.0824817754040253	0	0	0	0.0232865300209822	0.0655348979258831	0.0895540452491561	0.118510524306842	0.078568382799763	DSP-1001250007864-D-H02.dcc	PanCK-	DKD
0.0381883824586977	0.0115351289903133	0.0583426586806774	0	0.183235587420878	0	0	0.256461924955842	0	0.0881985235848281	0.00439333806372788	0	0	0.0140601604143043	0.0873892325952957	0.0586686148912831	0.120273316664208	0.079253131279944	DSP-1001250007864-D-H03.dcc	PanCK+	DKD
0.0319552157539789	0.00546099924282039	0.0220320811666624	0	0.135962685083584	0.159310641455169	0	0.228681206408774	0	0.0703216332409133	0.00191948900621096	0	0	0.0250414328152463	0.0664529972337372	0.0329349970842312	0.127951826808282	0.0919747947003895	DSP-1001250007864-D-H04.dcc	PanCK-	DKD
0.028929922277572	0.00622104296372801	0	0	0.184349136049837	0.153439747286956	0	0.256107720437068	0	0.0862750428896126	0	0	0	0.0253979791837227	0.0472254250728851	0.0400852635089695	0.0899513980831149	0.0820173222465347	DSP-1001250007864-D-H05.dcc	PanCK+	DKD
0.0348116236390647	0.00605524577975518	0.0250290191095265	0	0.143233910644847	0	0	0.282076260116163	0	0.0636857273200734	0	0	0	0.0324747761044475	0.0735772594038765	0.0982997957903157	0.129751475310413	0.111004906781517	DSP-1001250007864-D-H06.dcc	PanCK-	DKD
0.0389373806783243	0.00954713467180088	0.0738784516149353	0	0.178830065141316	0	0	0.225878770523272	0.024434104115218	0.092141410258985	0	0	0	0.0158939646591255	0.0610797957362372	0.084289173035325	0.0973294535525799	0.097760296012881	DSP-1001250007864-D-H07.dcc	PanCK+	DKD
0.0673927032641958	0.00677883995399819	0.0524805320744071	0	0.110232576217848	0	0	0.251330678114096	0	0.0803336695345002	0.00103603667168356	0	0	0.0444112567241645	0.0588963439224222	0.0684445206314502	0.149628730866374	0.10903411202486	DSP-1001250007864-D-H08.dcc	PanCK-	DKD
0.0288564522789466	0.0132758241981144	0.0490374724636599	0	0.18526086920159	0	0	0.141447389393683	0.0496478147460843	0.0752988450843432	0.00326089580350796	0	0	0.0304554769234897	0.0782894933037613	0.138323344690466	0.0883898283581929	0.118456293554161	DSP-1001250007864-D-H09.dcc	PanCK+	DKD
0.0555787896565567	0.00559344450504323	0.0553565085159735	0	0.11296601241869	0	0	0.216421544174613	0.00279967437527588	0.0694670544507038	0	0	0	0.0291708747783645	0.0693460738222563	0.0882195525073754	0.131795626933281	0.163284843861867	DSP-1001250007864-D-H10.dcc	PanCK-	DKD
0.0357569556773509	0.0183362715554144	0.0768631972975418	0	0.20604124839911	0	0	0.216671236386329	0	0.0560226124161615	0	0	0	0.0307836831052119	0.0994099812419189	0.071437255394965	0.107420843473334	0.0812567150526621	DSP-1001250007864-D-H11.dcc	PanCK+	DKD
0.0400074428363785	0.00688692121860845	0.0232560460365263	0	0.15689009277558	0.113650269840258	0	0.275984194801222	0	0.0728924752085235	0.00129616130405608	0	0	0.0309899535600554	0.0752251468069814	0	0.103897682173736	0.0990236134380751	DSP-1001250007864-D-H12.dcc	PanCK-	DKD
0.214767648997927	0.00213048762631485	0.0650982497411487	0	0.119567019307479	0.0779496463105568	0	0	0	0.0850340739953134	0.0130357058168613	0	0	0.0661053750081576	0.0688689946175929	0.0559214101883357	0.196398513646965	0.0351228747433479	DSP-1001250007868-B-C02.dcc	PanCK-	DKD
0.0566720296844442	0.00654891347444736	0.00832774282409442	0.120047807778119	0.108444699830651	0	0	0	0	0.0503640168410007	0.0606852449586085	0	0	0.012723316075659	0.121672943613075	0.295400583752171	0.151897500271976	0.00721520089575359	DSP-1001250007868-B-C03.dcc	PanCK+	DKD
0.177401981302073	0.00547072193620119	0.0635555324662946	0	0.144246915430058	0	0	0	0.0479201642572443	0.00819562844670885	0.0219429981005151	0	0	0.0399512292075368	0.143359952164866	0.0488085592116954	0.28193341534968	0.0172129021271272	DSP-1001250007868-B-C04.dcc	PanCK-	DKD
0.124625563082527	0	0	0	0.0571998182536419	0	0	0	0	0.00237366991339746	0.0419374551302127	0	0	0.0094209569355871	0.126708544251968	0.325553659747878	0.295569289067559	0.0166110436172294	DSP-1001250007868-B-C06.dcc	PanCK-	DKD
0.0646117059303322	0.000154396787854346	0.00993866522748975	0	0.118524800525808	0.0013729615383609	0	0.421508612680658	0	0	0.00655312505348099	0	0	0.0489767655926496	0.115391825798011	0	0.200253893459023	0.0127132474063318	DSP-1001250007868-B-C08.dcc	PanCK-	DKD
0.117849393772096	0.015727557282908	0.00350636247499207	0.112873658784111	0.135752933312268	0	0	0	0.196752360654879	0.0436336304523127	0.0491791849467733	0	0	0.00705435630216298	0.1059016900016	0.0130781287849537	0.173993947149988	0.0246967960809564	DSP-1001250007868-B-C09.dcc	PanCK+	DKD
0.189065955422442	0.00145278838304389	0	0	0.0534956529022834	0	0	0.100684847052204	0	0.0116349210264541	0.015223449203264	0	0	0.0249443383187867	0.102971245977788	0.183574003769358	0.30569333207299	0.0112594658713873	DSP-1001250007868-B-C10.dcc	PanCK-	DKD
0.179654913544956	0	0.00719924477202245	0	0.072356229926302	0	0	0.106717695719408	0	0	0.022238584343488	0	0	0.0060196193575778	0.0590349812763464	0.26202853006347	0.1880317778584	0.0967184231380301	DSP-1001250007868-B-C12.dcc	PanCK-	DKD
0.0714573066500296	0	0	0	0.0318821046569374	0	0.109725691642932	0	0	0.0172475955383256	0.00260642944896851	0	0	0.0265931092494466	0.214976618280972	0.00210534172319537	0.513486424546057	0.00991937826313618	DSP-1001250007868-B-D02.dcc	Geometric Segment	DKD
0.0308405739449086	0	0.0262790030616105	0	0	0.263042507078824	0	0	0	0.00413406814147332	0	0	0	0.022389650842317	0.133530615538933	0.06870662241205	0.389155730489477	0.0619212284904073	DSP-1001250007868-B-D03.dcc	Geometric Segment	DKD
0.0456520743347318	0.000289846306831617	0	0	0	0	0.0926637958457376	0.206546540889088	0	0	0	0	0	0.0177038559845485	0.147174186362566	0.0281092272482237	0.442447313786334	0.0194131592419387	DSP-1001250007868-B-D04.dcc	Geometric Segment	DKD
0.0157509063617338	0	0.0567037471592387	0	0	0.199931312237462	0	0.0420393598557655	0	0	0.00269510090145491	0	0.00340827370251179	0.0154437975847098	0.174063463213328	0	0.450767640797364	0.0391963981864307	DSP-1001250007868-B-D07.dcc	Geometric Segment	DKD
0.0230403786187628	0.00123210638391561	0.00663312408939942	0.0207521372684103	0.0351081121061288	0.0541547248650209	0	0	0	0.00824222662192021	0	0	0	0.0419884431344886	0.179950990593392	0.11942073267413	0.481106975952825	0.0283700476916057	DSP-1001250007868-B-D08.dcc	Geometric Segment	DKD
0.0302569147931404	0.000162578718997736	0.0112451421940275	0	0	0.167871028998393	0	0.100030658315414	0	0	0.00993337530233263	0	0	0.0079190361377423	0.239041322880882	0.0229561356163624	0.399442607587374	0.011141199455334	DSP-1001250007868-B-D09.dcc	Geometric Segment	DKD
0.00354639050145875	4.20696554231413e-05	0.0253325440934473	0	0	0	0	0.240437620760463	0	0	0	0	0	0.0126366610045539	0.165463450369071	0.0491746364363058	0.459833970029192	0.0435326571500846	DSP-1001250007868-B-D10.dcc	Geometric Segment	DKD
0.0920336452431986	0	0.00846971523795646	0	0.0351104304807599	0.0791878162215203	0.102312866451311	0	0.0841640868346566	0	0.0139462886434521	0	0	0.0411444398762499	0.135511283271049	0	0.326467928071903	0.0816514996679435	DSP-1001250007868-B-D11.dcc	Geometric Segment	DKD
0.0596578940477696	1.65618834157853e-05	0.0145125299765214	0	0.0716599376857489	0	0.0361333873224567	0	0	0	0	0	0	0.0587988568450582	0.177383585522933	0	0.530812886188442	0.0510243605276539	DSP-1001250007868-B-D12.dcc	Geometric Segment	DKD
0.071291113347101	0	0.183278322488719	0	0.0987256621239321	0	0	0	0.183688305922696	0	0.0645579747038983	0	0	0	0.180870090081791	0	0.207340510501728	0.0102480208301346	DSP-1002510007866-C-D10.dcc	PanCK+	normal
0.114654647602482	0.00102132426304429	0	0	0.0722938433233907	0	0	0	0.0739719327491676	0	0.0292344832367257	0	0	0	0.204231869685516	0.284117353647509	0.207939121068917	0.0125354244232477	DSP-1002510007866-C-D11.dcc	PanCK-	normal
0.324701979827188	0	0	0	0	0	0	0	0.638775470588819	0	0	0	0	0	0	0	0.0365225495839932	0	DSP-1002510007866-C-D12.dcc	PanCK+	normal
0.134658098141822	0	0	0	0.054559883474589	0	0	0.0408102045541191	0	0.0162540183797498	0.0491163888799569	0	0	0	0.191657583525473	0.254332760712991	0.223599488049461	0.0350115742818387	DSP-1002510007866-C-E01.dcc	PanCK-	normal
0.0120704273198638	0.00698194280083409	0.0410348551912877	0	0.194170741967036	0	0	0.242925756226422	0.102150225652952	0.0573480028103336	0.017210054051105	0	0	0.0102186836430242	0.0812458208612037	0	0.213293461198607	0.0213500282773313	DSP-1002510007866-C-E02.dcc	PanCK+	normal
0.062304862830307	0	0	0	0.0836868265184741	0	0.125069391094889	0.023098686697983	0.109541283198174	0	0.033556047991569	0	0	0	0.309464868093727	0.000815357126309225	0.23929681721154	0.0131658592370281	DSP-1002510007866-C-E03.dcc	PanCK-	normal
0.0400183819503032	0.0130590940354373	0	0	0.290102944690082	0	0	0.0645147713435333	0	0	0.0379420751567068	0	0	0	0.0946411625168447	0.245630525859523	0.202281441850263	0.0118096025973072	DSP-1002510007866-C-E04.dcc	PanCK+	normal
0.0897373653164385	0.000945480921602623	0	0	0.0129787010791299	0	0	0	0	0.016465235544642	0.06269027621822	0	0	0	0.290304414965552	0.216702101128888	0.283441339725203	0.0267350851003245	DSP-1002510007866-C-E05.dcc	PanCK-	normal
0.0788725105027968	0.00634975898835422	0	0	0.183339506873156	0	0	0	0.00237193104140068	0.0832143606301918	0.0199609581585863	0	0	0	0.110841153276262	0.248053863926343	0.251499013689009	0.0154969429138991	DSP-1002510007866-C-E06.dcc	PanCK+	normal
0.105115630063121	0.00104455705628103	0	0	0.0224600517655374	0.0799456783697718	0	0.0725537972459536	0.0451312181759539	0.00115304274207539	0.0547621642745502	0	0	0	0.292014181835739	0.110391620698288	0.195870686334273	0.0195573714384564	DSP-1002510007866-C-E07.dcc	PanCK-	normal
0.0340688650185459	0.0032487746023404	0.0371714370260272	0	0.139413160387614	0	0	0.539357971819474	0.0103711408731738	0.00549142270208836	0.0215119296220354	0	0	0	0.0500166938161013	0.0483438833490403	0.107135823319786	0.00386889746377323	DSP-1002510007866-C-E08.dcc	PanCK+	normal
0.0881742250999994	0.00023628744252506	0	0	0.0442571830586937	0	0	0	0.00415611939520794	0	0.0769850582589406	0	0	0	0.200883830753546	0.289799224523432	0.270920108005671	0.0245879634619845	DSP-1002510007866-C-E09.dcc	PanCK-	normal
0.0295618784693005	0.000288287318811171	0	0	0	0.26643508025492	0	0.162031110233276	0	0.00421349551545093	0	0	0	0.0112090482504547	0.139108263214911	0	0.383392050508621	0.00376078623425544	DSP-1002510007866-C-E10.dcc	Geometric Segment	normal
0.034095277277973	0	0	0	0.021733467361464	0.234041342313465	0	0.0666168466165995	0	0.0083257622177098	0	0	0.0030359321393188	0.0437948339365855	0.211963960452807	0	0.371463280911164	0.00492929677291329	DSP-1002510007866-C-E11.dcc	Geometric Segment	normal
0.0231912279269055	0	0	0	0.023962388983283	0.0960939794751074	0.0738750949125493	0.123315900248499	0	0.00172134234379783	0.00192413671398027	0	0.0054846439165578	0.0284371240641089	0.0889526059712712	0	0.506721453146756	0.026320102297184	DSP-1002510007866-C-E12.dcc	Geometric Segment	normal
0.03060469200811	0.000388817356550165	0	0	0.0209941055867427	0.223366861392534	0	0.111193822005512	0	0.0146754361421708	0	0	0.00187984573072723	0.00083980493730228	0.201643571834332	0	0.382748464312233	0.0116645786937864	DSP-1002510007866-C-F01.dcc	Geometric Segment	normal
0.0180449604595856	0	0.0179856915268275	0	0	0.295432740963126	0	0	0	0.0112270540526486	0	0	0	0.00243687425813578	0.132046116932137	0	0.490010259381603	0.0328163024259363	DSP-1002510007866-C-F02.dcc	Geometric Segment	normal
0.0186141527155559	0	0	0	0.0197875164854158	0.266308548130179	0	0.0572224664215589	0	0	0	0	0.00257860770840985	0.0571780434053137	0.159925697389008	0	0.373039566197612	0.0453454015469464	DSP-1002510007866-C-F03.dcc	Geometric Segment	normal
0.0359049303864416	0.000227323729471182	0	0	0.00944938459474143	0.267686323468301	0	0.0886235712626697	0	0.00563608975919208	0.00509173697699203	0	0.00121954223167752	0.0275367463751781	0.162353961606653	0	0.366956152685298	0.0293142369233842	DSP-1002510007866-C-F04.dcc	Geometric Segment	normal
0.0339626290631917	0.00133643889868826	0	0	0.0141558304706917	0.388975313506002	0	0	0.00673642324251009	0.0103767395687752	0	0	0.00292092277984216	0.0448672681602194	0.217380071702995	0.000202318970332263	0.246989692996518	0.0320963506402338	DSP-1002510007866-C-F05.dcc	Geometric Segment	normal
0.0217658308237002	0	0	0	0.0253580797647097	0.216923670756136	0	0	0	0.000728781663931465	0.00226077912506068	0	0	0.0442808290458053	0.151772549989416	0.0649478724829761	0.327265211643771	0.144696394704494	DSP-1002510007866-C-F06.dcc	Geometric Segment	normal
0.046195004614674	0	0.0449756037306485	0	0.00966359170364628	0.224350274894873	0	0	0	0.0181923854438938	0.0088978973624817	0	0	0.00714779147531383	0.0327430885802545	0	0.496486965416661	0.111347396777553	DSP-1002510007866-C-F07.dcc	Geometric Segment	normal
0.0293823853643755	0.00932311217610085	0.242189782271106	0.156884153450166	0.0486657306163346	0	0	0	0.169580420366163	0.0266463798324824	0.0286682732710194	0	0	0	0.0726511318060786	0.118810753352918	0.0658499038379355	0.0313479736553203	DSP-1002510007866-C-G10.dcc	PanCK+	DKD
0.0323987655149321	0.00561487192255967	0.259121880669663	0.00873695520951533	0.0282933832131665	0	0	0	0.0830295672242122	0	0.0551518990117916	0.000489469637199632	0	0.0167386859843728	0.0270842584219887	0.150373834044316	0.232146922526578	0.100819506619705	DSP-1002510007866-C-G11.dcc	PanCK-	DKD
0	0.0197277727723328	0.295889684196097	0	0	0	0	0	0.173167991062565	0.17442296476103	0.0944136872931643	0	0	0	0.112023174206276	0	0.103222372321988	0.0271323533865468	DSP-1002510007866-C-G12.dcc	PanCK+	DKD
0.02243304060076	0	0	0.299761098208482	0.0187569842827852	0	0	0	0.0305702128231345	0	0.0486712354683638	0	0	0.0199310447635562	0.0101200812502462	0.280131974537361	0.199677331850846	0.0699469962144652	DSP-1002510007866-C-H01.dcc	PanCK-	DKD
0.0213759967549568	0.0124393013804371	0.18838251756957	0	0.0972455094017511	0.149155880297461	0	0.30617939566671	0	0.00195568735537921	0.00986680002404701	0	0	0.0062231574175006	0.0323131161352075	0.0328055027459597	0.0708668787582095	0.0711902564928109	DSP-1002510007866-C-H03.dcc	PanCK+	DKD
0.00603148684253888	0.00320060956888171	0.056785429180408	0.0699859946655336	0.130206120009914	0	0	0	0.115408596894669	0.0438922744425226	0.0191844946338936	0	0	0.0329278366297088	0.054044478712829	0.164665190215115	0.194814709136316	0.108852779067671	DSP-1002510007866-C-H04.dcc	PanCK-	DKD
0.0185893902040722	0.020779557568974	0.164898311672966	0.0032334326497261	0.131359090189231	0.0470643802249909	0	0	0	0.0449245915254497	0.0550789407027032	0	0	0.0480135567248136	0.0134555119911505	0.241930224758461	0.129382049895029	0.0812909618924332	DSP-1002510007866-C-H05.dcc	PanCK+	DKD
0.0404251562217224	0.00623179675493316	0	0.190831149558952	0	0	0	0	0.0507184447112849	0	0.0444927042340092	0	0	0.031800502523127	0.0465309237045965	0.272148354543007	0.189206326935057	0.127614640813312	DSP-1002510007866-C-H06.dcc	PanCK-	DKD
0.00569198229008984	0.00590325318468268	0	0.161178637292965	0.253214448692739	0	0.221257641089343	0	0	0.0319053213642192	0	0	0	0.0172400966506051	0	0	0.254968501038778	0.0486401183965782	DSP-1002510007866-C-H07.dcc	PanCK+	DKD
0.0361679137319448	0.00263762696084929	0	0.121597038021482	0.0542397914025891	0	0	0.116791336714256	0	0.0986722126104984	0.0130830376608213	0	0	0.0272532527780518	0.0416687255046278	0.22895741096328	0.136708905909209	0.12222274774239	DSP-1002510007866-C-H08.dcc	PanCK-	DKD
0.0989618840081773	0.00140011573387639	0	0.0762375376134178	0.0826613097110247	0	0	0.264869080917446	0.00154567947445009	0.169048551934631	0.0167886162419349	0	0	0	0.0903432412751191	0.0954474684805362	0.0847778780046004	0.017918636604786	DSP-1002510007866-C-H09.dcc	PanCK+	DKD
0.0199825762312224	0.0106229410213675	0.22877173473398	0.00133587860195393	0	0	0	0	0.0738524906195878	0.0506195252143804	0.077429095915115	0	0	0	0.0238206677193864	0.311409366072705	0.167281071488801	0.0348746523815001	DSP-1002510007866-C-H10.dcc	PanCK-	DKD
0	0	0.0505255281388427	0	0.0587153549554555	0.318275846869613	0	0	0	0	0.00280669132596795	0	0	0.0143568633275982	0.0569631274731043	0	0.465309876932097	0.0330467109773219	DSP-1002510007866-C-H11.dcc	Geometric Segment	DKD
0.0466756105056702	0.000702590605443042	0	0.0151460799455867	0.0786364167709429	0	0.132940584489553	0.0593644585571984	0	0.0750950793924679	0	0	0	0.00400702272656356	0.0796667281282512	0	0.447338886794214	0.0604265420841091	DSP-1002510007866-C-H12.dcc	Geometric Segment	DKD
